image: mymap_for_costmap.pgm
resolution: 0.1
origin: [-100.000000, -100.000000, 0.000000]
negate: 0
occupied_thresh: 0.25
free_thresh: 0.196

