image: tsukuba_shirasu_for_costmap.pgm
resolution: 0.1000
origin: [-188.250000, -221.50000, 0.000000]
negate: 0
occupied_thresh: 0.65
free_thresh: 0.196

